040414 79.734102
040415 1295.415051
040416 3801.584652
040417 160.147003
040418 516.201554
040419 142.342421
040420 357.256666
040421 224.108689
040422 138.704472
040423 214.028306
040424 69.740697
040425 88.897085
040426 1430.469543
040427 508.054913
040428 118.202185
040429 53.027140
040430 213.438044
040501 22.748487
040502 190.993914
040503 48.914194
040504 536.349514
040505 104.169972
040506 90.539713
040507 61.276735
040508 70.482010
040509 48.481453
040510 77.926831
040511 82.903844
040512 131.258421
040513 68.773288
040514 967.354626
040515 1009.252701
040516 101.116935
040517 117.939557
040518 96.775262
040519 104.882423
040520 104.737766
040521 78.913640
040522 304.032087
040523 157.924643
040524 113.274323
040525 265.790121
040526 356.028460
040527 210.472224
040528 206.309134
040529 0.000000
040530 211.962576
040531 200.232005
040601 65.112081
040602 258.573009
040603 575.199630
040604 103.767256
040605 70.405771
040606 109.981509
040607 159.973292
040608 190.967204
040609 83.111306
040610 66.020311
040611 133.346886
040612 62.848314
040613 59.473865
040614 119.281508
040615 69.214133
040616 54.043013
040617 43.722117
040618 36.955761
040619 395.416199
040620 59.775884
040621 35.289990
040622 422.491544
040623 212.717855
040624 59.308509
040625 263.365842
040626 71.929014
040627 40.235766
040628 17.864848
040629 73.462688
040630 1337.023928
040701 126.050371
040702 84.883805
040704 276.837442
040705 265.486049
040706 73.426785
040707 51.978159
040708 94.202707
040709 51.091105
040710 239.661967
040711 124.825121
040712 503.134502
040713 95.691327
040714 149.385035
040715 54.865298
040716 620.199330
040717 190.010136
040718 849.530888
040719 2331.795820
040720 4112.808952
040721 10170.686278
040722 108.850531
040723 100.496236
040724 16.435227
040725 46.703569
040726 42.343590
040727 110.034090
040728 85.372856
040729 49.414564
040730 159.343889
040731 7532.794879
040801 3404.382976
040802 22.135977
040803 55.718390
040804 48.069318
040805 135.898416
040806 89.339702
040807 328.976577
040808 96.951264
040809 97.003087
040810 158.552480
040811 382.811802
040812 77.058219
040813 81.290159
040814 100.104543
040815 1324.965804
040816 188.884346
040817 1465.915470
040818 82.835321
040819 461.637531
040820 124.171488
040821 111.471494
040822 53.047567
040823 1046.986639
040824 208.496944
040825 87.638514
040826 1070.124354
040827 1447.346967
040828 1416.998346
040829 1492.010523
040830 1169.274307
040831 1001.748740
040901 174.407852
040902 114.780097
040903 119.560610
040904 87.838034
040905 97.425845
040906 262.855990
040907 150.284755
040908 2198.726510
040909 239.735782
040910 98.596670
040911 96.248783
040912 92.987608
040913 79.171855
040914 2356.114459
040915 66.521624
040916 224.557888
040917 1665.421460
040918 390.426694
040919 770.257629
040920 1491.740657
040921 204.031714
040922 234.953069
040923 1579.155938
040924 946.541616
040925 1330.525470
040926 118.209115
040927 142.549654
040928 365.782091
040929 0.000000
040930 1029.254009
041001 334.194644
041002 0.000000
041003 1268.710740
041004 891.319025
041005 488.189225
041006 101.622498
041007 864.028236
041008 864.875140
041009 529.261075
041010 1417.126297
041011 163.238810
041012 147.275768
041013 284.705762
041014 909.021775
041015 981.806232
041016 174.358985
041017 827.779220
041018 165.611656
041019 1055.535969
041020 1260.003169
041021 256.562911
041022 406.236295
041023 771.698416
041024 1041.954071
041025 1038.016963
041026 943.402596
041027 1034.979214
041028 637.097196
041029 428.806561
041030 567.807929
041031 930.503928
041101 1253.545039
041102 1358.187560
041103 499.350718
041104 1008.341558
041105 1443.761937
041106 213.571987
041107 218.827789
041108 637.310211
041109 1085.576235
041110 275.609349
041111 325.169531
041112 415.376294
041113 439.394035
041114 331.522148
041115 379.428634
041116 686.290218
041117 489.322231
041118 641.745093
041119 764.476488
041120 271.727021
041121 894.218279
041122 1402.754983
041123 7181.441291
041124 521.925775
041125 90.519744
041126 89.421382
041127 95.403668
041128 56.752812
041129 118.488662
041130 687.030931
041201 492.241144
041202 200.235968
041203 415.845894
041204 182.761560
041205 330.123659
041206 965.357616
041207 64.882091
041208 0.000000
041211 1140.541028
041212 230.170958
041213 98.233351
041214 1181.751857
041215 683.057546
041216 181.599423
041217 193.467232
041218 739.723254
050102 44.451269
050103 626.725792
050104 507.283694
050105 298.629995
050106 412.956584
050107 40.868836
050108 334.319574
050109 813.869329
050110 244.551675
050111 286.052396
050112 401.528286
050113 439.726064
050114 281.297495
050115 378.675795
050116 799.456248
050117 492.783269
050118 573.695972
050119 598.141001
050120 900.845778
050121 1656.808603
050122 1177.160253
050123 735.802160
050124 1516.697619
050125 861.475128
050126 972.061545
050127 627.558503
050128 701.384240
050129 1113.208937
050130 753.680398
050131 773.709097
050201 694.529918
050202 733.134173
050203 746.719777
050204 662.159691
050205 596.715031
050206 569.851276
050207 673.287427
050208 613.076032
050209 790.758833
050210 508.659621
050211 1036.243672
050212 908.216940
050213 720.858779
050214 903.035670
050215 1161.562847
050216 825.108084
050217 793.792645
050218 1021.384717
050219 503.340742
050220 670.010285
050221 458.443340
050222 481.947346
050223 1209.099489
050224 625.212568
050225 605.429463
050226 704.907048
050227 648.804385
050228 964.337919
050301 525.022072
050302 685.107337
050303 899.433824
050304 591.301681
050305 1666.493581
050306 469.527899
050307 677.973200
050308 602.592181
050309 676.051261
050310 641.707027
050311 666.909173
050312 837.434710
050313 889.338680
050314 913.048328
050315 404.255427
050316 467.892510
050317 921.283182
050318 482.930100
050319 751.212468
050320 689.492428
050321 902.547101
050322 683.226694
050323 982.784832
050324 558.831138
050325 531.642098
050326 386.657558
050327 712.179702
050328 264.821287
050329 553.059849
050330 261.885360
050331 310.068946
050401 666.029246
050402 676.210475
050403 240.548372
050404 516.157026
050405 539.083661
050406 386.357798
050407 668.699060
050408 229.283075
050409 450.672909
050410 677.329934
050411 503.813260
050412 355.983536
050413 417.823698
050423 59.080362
050424 248.439077
050425 765.298236
050426 619.635317
050427 564.823230
050428 416.713962
050429 455.705321
050430 771.285205
050501 358.993768
050502 582.487320
050503 406.175620
050504 422.749228
050505 592.197406
050506 491.221548
050507 301.848576
050508 1068.737130
050509 451.529215
050510 372.971004
050511 669.728765
050512 391.608019
050513 223.847977
050514 583.616129
050515 243.378796
050516 347.057261
050517 250.474884
050518 431.617327
050519 310.754307
050520 965.599565
050521 356.771311
050522 376.330946
050523 662.725395
050524 477.887460
050525 286.576925
050526 307.915660
050527 343.147462
050528 151.840640
050529 400.789711
050530 549.012814
050531 281.643067
050601 186.973001
050602 319.209199
050603 296.555169
050604 281.236874
050605 407.144138
050606 655.803505
050608 3298.800478
050609 741.965610
050610 308.343443
050611 365.654338
050612 336.526714
050613 372.794115
050614 324.442468
050615 665.275235
050616 313.587288
050617 929.242182
050618 467.935733
050620 1505.116672
050621 759.127902
050622 454.406421
050623 702.759182
050624 410.045030
050625 342.725648
050626 477.654141
050627 428.751819
050628 90.755219
050629 73.747317
050630 741.731269
050701 261.692926
050702 320.916584
050703 388.970260
050704 294.416522
050706 764.337961
050707 174.024317
050708 346.037675
050709 217.274551
050710 374.146926
050711 303.905019
050712 210.580902
050713 240.017937
050714 348.327249
050715 358.352993
050716 356.175267
050717 201.027686
050718 558.307008
050719 554.383189
050720 347.634535
050721 302.170269
050722 494.880234
050723 523.636195
050724 195.408144
050725 400.421246
050726 239.799692
050728 358.487193
050729 306.163845
050730 278.848667
050731 307.015668
050801 402.296854
050802 244.425039
050803 261.869001
050804 509.430101
050805 452.171350
050806 506.005538
050807 618.205775
050808 340.120657
050809 462.942846
050810 262.466823
050811 406.207353
050812 333.670274
050813 522.420823
050814 524.252284
050815 697.537863
050816 294.025103
050817 460.507014
050818 317.631961
050819 403.531664
050820 586.453800
050821 391.140160
050822 535.782822
050823 554.978326
050824 534.257580
050825 606.619274
050826 393.910502
050827 430.548977
050828 658.200349
050829 593.358536
050831 903.409968
050901 685.642549
050902 745.070711
050904 422.835768
050905 482.908284
050906 537.110253
050907 249.850363
050908 253.158706
050909 409.217847
050910 700.262407
050911 656.077179
050912 658.166583
050913 522.746856
050914 379.241626
050915 362.323983
050916 636.887719
050917 436.137477
050918 306.216360
050919 345.338072
050920 574.757817
050921 488.698855
050922 716.092671
050923 349.940832
050924 367.864723
050925 771.835502
050926 413.541671
050927 494.838583
050928 820.491189
050929 694.870119
050930 585.210157
051001 907.134512
051002 623.644236
051003 750.880652
051004 616.282409
051005 1098.743301
051006 703.166209
051007 635.191933
051008 349.155777
051009 741.772440
051010 388.321867
051011 787.957463
051012 561.878649
051013 872.839882
051014 838.842989
051015 682.918029
051016 914.088427
051017 622.122284
051018 900.915176
051019 1437.483542
051020 778.265695
051021 3166.239204
051022 2600.330409
051023 741.481573
051024 1060.158925
051025 916.440127
051026 557.009374
051027 2970.942506
051028 853.915412
051029 3525.720729
051030 738.652728
051031 750.513064
051101 650.720175
051102 561.806280
051103 7572.951162
051104 831.682168
051105 764.317757
051106 506.269534
051107 1068.459638
051108 1600.663884
051109 1376.772320
051110 626.689367
051111 445.831154
051112 721.110519
051113 6776.445183
051114 1179.564376
051115 1570.233464
051116 824.470467
051117 442.226841
051118 714.588089
051119 6296.049596
051120 2955.056651
051121 535.837855
051122 4019.524003
051123 706.574976
051124 1549.638292
051125 457.143133
051126 767.296838
051127 559.767116
051128 851.612946
051129 449.484582
051130 704.324084
051201 458.842668
051202 1333.588727
051203 1151.783105
051204 1050.605648
051205 1105.399426
051206 1392.197330
051207 681.870942
051208 25.422396
051212 822.658480
051213 860.286701
051214 420.333233
051215 905.820022
051216 1132.732709
051217 2470.288919
051218 747.379525
051219 468.373981
051220 404.578919
051221 653.866045
051222 491.586761
051223 520.582377
051224 1037.854384
051225 582.511892
051226 568.889363
051227 493.281934
051228 514.643554
051229 347.239050
051230 197.043665
051231 301.004399
060101 5069.248186
060102 794.923101
060103 693.397619
060104 882.099807
060105 478.151329
060106 344.280209
060107 605.380607
060108 419.683235
060109 441.102481
060110 321.457243
060111 457.430148
060112 320.937411
060113 190.655350
060114 429.585528
060115 716.392529
060116 315.736282
060117 599.082498
060118 368.016736
060119 103.184971
060120 429.926039
060121 552.893591
060124 0.018937
060125 1272.074608
060126 696.158205
060127 635.273139
060128 253.308506
060129 764.554469
060130 635.943603
060131 322.577817
060201 359.835843
060202 502.420460
060203 706.357171
060204 300.516564
060205 604.460301
060206 584.559874
060207 440.248684
060208 310.898766
060209 351.637578
060210 298.627647
060211 591.560639
060212 219.930045
060213 877.734949
060214 436.385394
060215 322.660978
060216 397.346842
060217 177.189973
060218 547.811955
060219 535.840621
060220 254.018434
060221 549.100119
060222 883.116192
060223 413.575492
060224 274.521525
060225 1161.680815
060226 695.863674
060227 1216.508744
060228 509.590828
060301 360.104660
060302 188.331645
060303 267.271855
060304 876.019446
060305 582.818819
060306 722.411762
060307 760.965930
060308 588.536057
060309 676.245691
060310 793.589799
060311 875.688742
060312 747.509552
060313 630.564582
060314 613.734228
060315 809.204716
060316 557.514702
060317 765.470823
060318 646.343213
060319 1069.153929
060320 337.521120
060321 410.473230
060322 511.981488
060323 985.421482
060324 846.177616
060325 801.836421
060326 609.571109
060327 193.534940
060328 356.892472
060329 758.251524
060330 868.096932
060331 1198.931748
060401 474.709981
060402 709.804206
060403 383.415885
060404 541.699213
060405 4118.904953
060406 605.028703
060407 478.075460
060408 1285.634889
060409 639.579516
060410 427.957610
060411 363.675559
060412 457.066351
060413 370.882785
060414 897.598455
060415 2165.819483
060416 4934.307186
060417 591.952088
060418 754.343382
060419 310.833720
060420 759.259961
060421 527.825655
060422 318.732448
060424 308.050512
060425 1011.652570
060426 399.583586
060427 351.273253
060428 8737.497444
060429 3919.584890
060430 1399.820552
060502 483.676558
060503 543.867273
060504 920.390531
060505 1048.374489
060506 809.501538
060507 467.231502
060508 636.746514
060509 232.492608
060510 387.599421
060511 519.407519
060512 317.318544
060513 360.772295
060514 607.804722
060515 367.925442
060516 433.122548
060517 311.374029
060518 445.570016
060519 372.635793
060520 421.851382
060521 408.032412
060522 451.471693
060523 1744.910404
060524 788.254973
060525 645.869676
060526 1497.916103
060527 3821.433770
060528 592.760843
060529 1929.778916
060530 2654.495168
060531 176.208691
060601 867.648749
060602 501.250900
060603 1016.582615
060604 435.830319
060605 743.450739
060606 587.937081
060607 659.229567
060608 1849.790375
060609 2175.828345
060610 205.681135
060611 660.066801
060612 907.390303
060613 645.740889
060615 1008.315693
060616 488.275325
060617 415.592342
060618 686.733395
060619 439.404577
060620 399.211521
060621 292.622298
060622 399.388373
060623 322.466787
060624 2768.370224
060625 535.321709
060626 1069.978416
060627 4747.443495
060628 486.137643
060629 441.510534
060630 609.145960
060701 492.231463
060702 396.916871
060703 1076.518046
060704 1608.608862
060705 318.031519
060706 362.418531
060707 468.788894
060708 588.218681
060709 708.336566
060710 197.781310
060711 547.729471
060712 281.588077
060713 796.121842
060714 1103.092932
060715 1723.985871
060716 275.490669
060717 366.149665
060718 324.253820
060719 3771.693050
060720 2907.738837
060721 163.034341
060722 603.997161
060723 52.138857
060724 110.130709
060725 140.042557
060726 276.795428
060727 851.972408
060728 14.587440
060731 158.206153
060801 2138.250362
060802 4461.884537
060803 3659.524769
060804 2973.232685
060805 1773.082222
060806 4862.225872
060807 2278.453041
060808 1542.771729
060809 1105.872313
060810 1731.474702
060811 4693.205562
060812 2502.655620
060813 576.707660
060814 407.411012
060815 1664.212611
060816 9381.791043
060817 4287.507285
060818 773.582727
060819 399.329127
060820 2034.455082
060821 2306.248031
060822 932.195304
060823 207.263239
060824 329.687053
060825 2906.834040
060826 763.140004
060827 3200.194657
060828 1301.386801
060829 1076.042806
060830 439.262233
060831 275.118104
060901 682.044907
060902 691.731494
060905 1569.706951
060906 1994.892037
060907 228.376951
060908 360.820503
060909 416.960012
060910 341.637645
060911 2353.046851
060912 5364.358653
060913 1184.454878
060914 934.033783
060915 791.562126
060916 1193.936019
060917 2015.995399
060918 1363.606093
060919 3048.347863
060920 958.472071
060921 1822.235605
060922 665.635888
060923 612.665576
060924 546.908186
060925 406.540379
060926 256.909933
060927 464.782276
060928 294.118459
060929 463.150639
060930 1940.360280
061001 766.944653
061002 3533.095245
061003 504.366761
061004 774.661820
061006 813.737913
061007 480.566944
061008 684.238078
061009 1544.987530
061010 1450.968441
061011 793.242032
061013 1731.216505
061014 1037.962526
061015 395.617798
061016 447.045883
061017 1269.430871
061018 831.614198
061019 6221.716246
061020 2644.142951
061021 3701.018666
061022 643.083454
061023 570.325838
061024 1600.775935
061025 1304.540161
061026 1293.233818
061027 470.733583
061028 668.160424
061029 294.573591
061030 36.501879
061031 272.542292
061101 258.864144
061102 557.229277
061103 976.633484
061104 974.711117
061105 226.555227
061106 1778.740654
061108 2346.809112
061110 2954.239784
061111 602.100187
061112 272.410863
061113 131.812028
061114 510.812385
061115 206.726136
061116 299.605082
061117 262.182416
061118 1031.484759
061119 927.381151
061120 1113.949733
061121 466.269049
061122 156.967828
061123 168.104161
061124 143.702357
061125 2682.245238
061126 949.006792
061127 357.086824
061128 407.399206
061129 249.802746
061130 412.527321
061201 419.970592
061202 311.842416
061203 313.367271
061204 87.263593
061205 924.882079
061206 1181.194418
061207 1200.334322
061208 194.086919
061209 249.255693
061210 956.867663
061211 297.625322
061212 677.378348
061213 106.196322
061214 10052.585764
061215 725.967738
061216 509.977378
061217 1023.070873
061218 506.319308
061219 2209.853556
061220 405.724550
061221 465.146300
061222 284.442802
061223 369.993407
061224 518.867771
061225 808.879375
061226 22.734930
061227 12.289588
061228 139.870788
061229 604.682351
061230 511.349998
061231 446.668148
070101 908.428462
070102 1333.091566
070103 1742.786839
070104 8913.589274
070105 912.262142
070106 755.557121
070107 618.275974
070108 851.455409
070109 714.279195
070111 448.214005
070112 317.311365
070113 729.795464
070115 657.296276
070116 1041.195783
070117 920.883296
070118 787.970121
070119 194.845716
070120 446.126355
070121 714.003656
070122 1254.268166
070123 1108.968963
070124 2688.465400
070125 1727.974407
070126 9513.456713
070127 2674.995487
070128 816.205938
070129 226.598893
070130 132.145539
070131 333.076572
070201 144.239739
070202 220.963083
070203 164.082274
070204 201.375917
070205 446.298173
070206 534.803455
070207 381.000776
070208 602.457735
070209 849.707565
070210 344.040292
070211 425.797750
070212 85.209022
070213 183.178138
070214 335.790032
070215 197.596481
070216 86.228007
070217 5456.758742
070218 2076.493876
070219 896.357463
070220 179.507129
070221 910.914425
070223 443.008191
070224 721.319216
070225 245.946413
070226 37.955000
070227 348.122564
070228 229.292071
070301 558.746627
070302 47.451272
070303 119.255181
070304 835.597039
070305 218.092297
070306 220.877260
070307 249.830982
070308 1688.748676
070309 451.182533
070310 284.964096
070311 96.727783
070312 37.710252
070313 1136.048313
070314 159.170040
070315 57.388358
070316 450.743957
070317 271.490854
070318 1287.107305
070319 3103.510061
070320 6972.629138
070321 374.423293
070322 610.892191
070323 1009.165180
070324 741.600413
070325 584.870130
070326 1998.941120
070327 754.316734
070328 3206.002920
070329 918.325385
070330 2228.379276
070331 106.285366
070401 286.890931
070402 151.626979
070403 245.881748
070404 179.609118
070405 121.595106
070406 108.880446
070407 173.371596
070408 307.378610
070409 131.075518
070410 255.041602
070411 263.786011
070412 110.211294
070413 495.638240
070414 185.630538
070415 90.876118
070416 1056.618101
070417 459.208623
070418 2576.265357
070419 196.061911
070420 170.556403
070421 259.125470
070422 84.833797
070423 652.093223
070424 3526.493381
070425 1030.131151
070426 1674.088349
070427 161.534110
070428 345.157872
070429 321.123182
070430 51.678836
070501 1825.660263
070502 117.640543
070503 166.616333
070504 176.001740
070505 155.792834
070506 10488.555074
070507 87.556369
070508 101.913560
070509 111.828205
070510 199.092750
070511 66.065188
070512 109.454954
070513 83.651232
070514 121.296963
070515 280.696699
070516 358.281783
070517 230.445022
070518 352.435210
070519 2147.416367
070520 148.131055
070521 144.521199
070522 278.259457
070523 325.338150
070524 1233.033217
070525 1299.918209
070526 752.255266
070527 181.725216
070528 6363.430431
070529 434.502309
070530 196.480227
070531 151.953343
070601 226.411457
070602 213.028672
070603 195.066342
070604 131.210012
070605 1428.290438
070606 566.328627
070607 239.320351
070608 146.346332
070609 361.416814
070610 614.714463
070611 394.343101
070612 178.628233
070613 163.487406
070614 176.304037
070615 52.541816
070616 410.424278
070617 264.398524
070619 167.083887
070620 140.190644
070621 1797.861936
070622 124.691217
070623 266.371204
070624 379.125185
070625 886.775000
070626 96.838491
070627 119.333962
070628 123.177191
070629 126.398158
070630 681.593269
070701 860.647646
070702 119.463204
070703 112.906155
070704 209.359909
070705 74.798106
070706 238.372087
070707 154.605298
070708 266.780967
070709 485.473164
070710 97.135215
070711 133.477359
070712 116.458893
070713 205.330659
070714 128.277742
070715 713.546941
070716 165.468429
070717 224.408514
070718 124.113661
070719 253.291502
070720 1282.930458
070721 241.523931
070722 394.939950
070723 182.868667
070724 131.343749
070725 114.188828
070726 88.923031
070727 202.981433
070728 65.900824
070729 145.556451
070730 102.969246
070731 244.172843
070801 283.611102
070802 119.809570
070804 273.294987
070805 78.139086
070806 113.622437
070807 219.528014
070808 270.425937
070809 729.413016
070810 192.124260
070811 125.069601
070812 121.086379
070813 69.776533
070814 110.250333
070815 122.460242
070816 109.117083
070817 114.138230
070818 141.843695
070819 451.730998
070820 257.655410
070821 2654.985687
070822 135.216768
070823 94.629069
070824 108.374151
070825 129.406681
070826 159.290498
070827 197.827004
070828 163.066691
070829 146.981426
070830 68.495323
070831 299.808866
070901 137.081020
070902 113.005561
070903 53.838726
070904 76.123416
070905 162.001326
070907 149.589495
070908 239.430062
070909 379.504435
070910 176.993369
070911 1055.939449
070912 150.989259
070913 88.360436
070914 164.038670
070915 192.505217
070916 557.279912
070917 212.191866
070918 73.079441
070919 347.982240
070920 91.492120
070921 127.815909
070922 243.254748
070923 551.187881
070924 985.341447
070925 157.889886
070926 176.646649
070927 76.296857
070928 174.338008
070929 237.503888
070930 687.678326
071001 147.552390
071002 222.392548
071003 121.697047
071004 215.986327
071005 2096.412689
071006 136.611742
071007 211.157685
071008 80.244704
071009 170.068376
071010 209.674197
071011 70.145141
071012 550.563699
071013 95.959964
071014 122.225024
071015 68.123415
071016 112.770601
071017 917.821275
071018 3492.603075
071019 95.449268
071020 200.666989
071021 187.283547
071022 115.312495
071023 303.346444
071024 121.014386
071025 99.655871
071026 91.199233
071027 309.936732
071028 277.209430
071029 120.183269
071030 121.227452
071031 2699.961584
071101 1455.658825
071102 177.649981
071103 401.689850
071104 81.389884
071105 82.072537
071106 121.357571
071107 123.372125
071108 138.461943
071109 112.942512
071110 1290.712809
071111 3676.845572
071112 4793.696972
071113 273.991968
071114 144.888997
071115 500.586915
071116 65.383164
071117 227.389066
071118 148.865795
071119 60.851857
071120 228.452917
071121 231.358101
071122 183.769229
071123 70.884693
071124 250.014744
071125 214.299643
071126 113.159552
071127 7376.920622
071128 97.794014
071129 87.766387
071130 1384.688145
071201 259.152698
071202 148.239883
071203 123.751568
071204 0.000000
071205 616.772171
071206 181.223986
071207 457.750836
071208 8453.391255
071209 139.460512
071210 65.968420
071211 91.050554
071212 98.687286
071213 80.877527
071214 404.559923
071215 129.542275
071216 171.939560
071217 186.322265
071218 277.889080
071219 159.021545
071220 3509.302571
071221 134.622011
071222 100.012154
071223 243.737500
071224 310.070454
071225 144.856048
071226 65.043327
071227 175.263140
071228 157.095228
071229 89.185026
071230 112.924788
071231 2842.459545
080101 651.055931
080102 1090.322278
080103 1688.208418
080104 107.825762
080105 60.837099
080106 71.327925
080107 2056.076511
080108 5543.739383
080109 986.954094
080110 185.150688
080111 41.906086
080112 168.162592
080113 353.666983
080114 66.697909
080115 61.117891
080116 418.914169
080117 202.947803
080118 1009.283482
080119 108.267284
080120 147.846104
080121 254.836323
080122 82.825818
080123 100.898572
080124 51.016413
080125 117.905863
080126 123.696480
080127 112.892575
080128 101.181342
080129 72.712114
080130 145.379707
080131 162.989533
080201 146.654934
080202 487.209370
080203 113.454677
080204 2062.071570
080205 258.612037
080206 118.199676
080207 79.525216
080208 185.653874
080209 375.665811
080210 301.803031
080211 421.633177
080212 242.151691
080213 38.340519
080214 352.264927
080215 636.550139
080216 988.176161
080217 592.153391
080218 204.343511
080219 254.502552
080220 264.410992
080221 160.827393
080222 935.241515
080223 1402.810481
080224 621.673068
080225 545.674250
080226 322.148202
080227 358.980698
080228 305.414894
080229 6645.620592
080301 903.517522
080302 429.690679
080303 442.363274
080304 302.833782
080305 695.020392
080306 2425.000462
080307 421.166075
080308 387.985673
080309 379.323639
080310 408.533774
080311 125.203831
080312 292.619624
080313 322.261135
080314 370.637353
080315 1875.219801
080316 299.111397
080317 350.726806
080318 210.027570
080319 740.795002
080320 433.426993
080321 1254.127999
080322 304.225702
080323 427.995202
080324 474.961731
080325 314.616244
080326 315.733218
080327 424.021247
080328 590.055770
080329 871.282428
080330 1092.952747
080331 2185.756807
080401 1106.133328
080402 520.560731
080403 3267.360224
080404 750.062662
080405 1112.739616
080406 631.531865
080407 493.241024
080408 384.800136
080409 304.961742
080410 444.737046
080411 609.945907
080412 391.330707
080413 215.657251
080414 180.763170
080415 508.295203
080416 374.501042
080417 701.960406
080418 523.800209
080419 556.413217
080420 1159.752062
080421 689.591489
080422 275.788428
080423 531.250891
080424 566.835602
080425 569.529880
080426 950.718864
080427 421.282744
080428 962.785968
080429 369.043697
080430 428.664511
080501 352.030977
080502 353.634935
080503 804.868390
080504 939.310172
080505 428.332071
080506 483.443207
080507 430.380465
080508 1185.529846
080509 517.851879
080510 768.212784
080511 651.180383
080512 260.260737
080513 274.732956
080514 286.293385
080515 315.809961
080516 718.814752
080517 312.032504
080518 315.366999
080519 301.101548
080520 278.288266
080521 272.486780
080522 593.940882
080523 7386.054583
080524 624.745406
080525 376.912371
080526 417.966621
080527 9356.747229
080528 2364.910412
080529 820.139783
080530 3694.738346
080531 3164.177471
080601 722.953525
080602 571.125872
080603 340.240485
080604 543.282399
080605 598.019371
080606 3487.123916
080607 1047.041869
080608 603.318666
080609 1929.528578
080610 643.966798
080611 869.103677
080612 661.639462
080613 898.535016
080614 899.339796
080615 561.022182
080616 679.135216
080617 1144.721421
080618 848.704273
080619 448.011352
080620 1530.952176
080621 1265.742972
080622 861.171882
080623 377.308108
080624 537.871543
080625 909.236522
080626 408.886094
080627 1124.107008
080628 753.639474
080629 718.520142
080630 289.684653
080701 208.346286
080702 596.825792
080703 374.726787
080704 3224.510672
080705 657.654566
080706 1529.094989
080707 3853.291606
080708 378.517187
080709 327.253356
080710 4536.590036
080711 1132.972775
080712 3860.569249
080713 325.149979
080714 352.253045
080715 292.116150
080716 545.841277
080717 1509.745545
080718 397.802876
080719 611.835319
080720 621.709646
080721 450.550741
080722 296.085573
080723 658.185465
080724 180.417156
080725 372.405114
080726 4442.827862
080727 592.520183
080728 683.747699
080729 2604.878414
080730 2516.723913
080731 550.932424
080801 489.948681
080802 1042.183301
080803 1512.815507
080804 577.627100
080805 580.597156
080806 501.593205
080807 413.358265
080808 2316.079243
080809 1030.628665
080810 429.578666
080811 2502.001189
080812 659.090878
080813 422.889015
080814 358.221014
080815 454.233877
080816 2478.405959
080817 1344.130412
080818 1197.096633
080819 717.752683
080820 572.986413
080821 365.787551
080822 328.287789
080823 426.510125
080824 393.487690
080825 496.602571
080826 466.092219
080827 156.111811
080828 452.366959
080829 548.097123
080830 10130.440691
080831 1215.357371
080901 705.804775
080902 421.587804
080903 678.539539
080904 699.979841
080905 867.152601
080906 1927.549209
080907 789.121021
080908 937.230519
080909 925.298844
080910 1479.201300
080911 922.523184
080912 745.526468
080913 1691.765085
080914 1521.414751
080915 429.302611
080916 674.587404
080917 1328.587377
080918 395.842523
080919 901.929619
080920 6059.745214
080921 706.036549
080922 2163.096711
080923 479.794739
080924 445.720381
080925 606.978137
080926 390.207279
080927 4895.126369
080928 709.956797
080929 578.811781
080930 330.941137
081001 464.504599
081002 296.435719
081003 3287.272557
081004 662.263974
081005 1121.126768
081006 1277.323402
081007 668.531872
081008 1730.780129
081009 6514.362419
081010 891.641037
081011 1226.237675
081012 640.562254
081013 367.857601
081014 172.335657
081015 5344.136617
081016 4295.512696
081017 935.303927
081018 1072.515797
081019 1277.949918
081020 424.993223
081021 454.534670
081022 1040.748558
081023 637.412492
081024 2054.230250
081025 179.101428
081026 1583.723578
081027 388.069824
081028 124.376460
081029 496.524242
081030 459.716511
081031 390.733100
081101 1681.098320
081102 424.512414
081103 54.226257
081104 454.633222
081105 220.207380
081106 647.673766
081108 409.840024
081109 3460.440502
081110 7459.842185
081111 3252.648489
081112 1779.958605
081113 502.059921
081114 151.794668
081115 4162.223867
081116 14240.340336
081117 499.111723
081118 303.713715
081119 461.838835
081120 900.326526
081121 870.910288
081122 533.855607
081123 687.213952
081124 2297.147385
081125 2449.075760
081126 427.462469
081127 444.948340
081128 1997.819929
081129 1393.535779
081130 845.414995
081201 585.166099
081202 340.802350
081203 6903.249613
081204 194.674602
081205 409.303742
081206 843.021983
081207 1930.178648
081208 3570.773284
081209 1617.094694
081210 2165.164933
081211 1139.265846
081212 600.379251
081213 243.263479
081214 496.328040
081215 227.439472
081216 4531.146786
081217 224.225857
081218 268.104737
081219 241.260297
081220 528.289642
081221 656.792477
081222 926.475319
081223 258.774001
081224 1004.550090
081225 879.360392
081226 4427.396994
081227 1261.691591
081228 783.792002
081229 2734.420674
081230 2195.488098
081231 4656.515896
090101 443.107397
090102 581.377381
090103 232.733500
090104 372.001438
090105 509.325258
090106 5119.158838
090107 375.808532
090108 311.787514
090109 565.120892
090110 364.073872
090111 1645.720347
090112 0.000000
090113 4517.921447
090114 410.247876
090115 112.744450
090116 247.612759
090117 445.156132
090118 385.710904
090119 493.975840
090120 341.382329
090121 511.703102
090122 393.746124
090123 557.449709
090124 1042.683551
090125 3196.802227
090126 564.371770
090127 1106.064051
090128 1989.078739
090129 212.213081
090130 102.625484
090131 89.104880
090201 218.241764
090202 1898.638498
090203 1860.793569
090204 1754.885741
090205 901.786478
090206 439.523749
090207 538.585073
090208 235.291952
090209 367.468485
090210 205.108522
090211 1277.110026
090212 340.711833
090213 902.121338
090214 261.958460
090215 922.404700
090216 373.040739
090217 224.940638
090218 333.052700
090219 321.261449
090220 440.912548
090221 231.956627
090222 172.460321
090223 16919.400659
090224 281.053442
090225 250.312666
090226 265.097694
090227 377.570633
090228 233.474076
090301 235.130025
090302 7110.447764
090303 2203.290323
090304 203.618546
090305 319.262552
090306 74.928932
090307 408.877388
090308 2830.260384
090309 16766.770900
090310 748.319092
090311 268.466293
090312 383.758872
090313 152.920727
090314 252.012054
090315 1840.801585
090316 2116.495215
090317 249.101810
090318 565.555711
090319 210.013118
090320 161.178195
090321 539.058035
090322 296.363139
090323 332.954724
090324 168.107967
090325 140.561468
090326 3901.243461
090327 1124.453116
090328 281.066157
090329 188.332220
090330 137.164296
090331 4514.408030
090401 102.281790
090402 147.172253
090403 112.172408
090404 558.665430
090405 2824.126116
090406 341.538395
090407 212.644206
090408 306.183554
090409 2144.755205
090410 234.082442
090411 551.740509
090412 204.663307
090413 279.696899
090414 1617.561470
090415 3758.021416
090416 2586.755463
090417 2879.927827
090418 2491.914969
090419 94.246242
090420 237.016127
090421 2289.538909
090422 5854.869856
090423 8829.753804
090424 166.243484
090425 461.688992
090426 10094.101184
090427 378.056383
090428 742.043034
090429 1849.253106
090430 1617.387862
090501 375.169949
090502 1117.829506
090503 160.726517
090504 375.533883
090505 550.000653
090506 1242.479254
090507 2308.634664
090508 92.136770
090509 163.587530
090510 168.352832
090511 154.048614
090512 306.344911
090513 2918.677449
090514 335.807399
090515 1249.004735
090516 363.796572
090517 1410.683266
090518 214.401423
090519 399.862175
090520 347.956117
090521 954.765643
090522 616.671602
090523 549.474258
090524 282.862431
090525 2363.770581
090526 629.490186
090527 600.094341
090528 1273.943607
090529 286.359889
090530 254.550987
090531 2125.329872
090601 323.883963
090602 957.688127
090603 803.058304
090604 391.547768
090605 480.901504
090606 3703.117371
090607 911.916896
090608 475.104835
090609 1081.609288
090610 602.391362
090611 714.929606
090612 1350.930060
090613 704.702756
090614 305.638677
090615 189.964346
090616 2415.905720
090617 1116.963513
090618 4371.654485
090619 746.182039
090620 993.423248
090621 1084.435890
090622 313.382200
090623 3243.551721
090624 2836.430676
090625 4369.478702
090626 338.301773
090627 304.871672
090628 645.804512
090629 715.653444
090630 553.900609
090701 830.534626
090702 4809.085496
090703 3356.042129
090704 1058.200894
090705 429.924303
090706 671.090382
090707 814.941298
090708 1536.435050
090709 277.767089
090710 494.768892
090711 4419.773819
090712 4703.068885
090713 1041.741085
090714 120.658992
090715 314.311253
090716 1643.711417
090717 542.675784
090718 225.528827
090719 1050.831826
090720 199.547166
090721 2281.692290
090722 3588.553651
090723 3066.288326
090724 245.862951
090725 130.212619
090726 473.020795
090727 212.812045
090728 566.173996
090729 445.012356
090730 293.804149
090731 329.266435
090801 277.648651
090802 991.207629
090803 1187.050055
090804 3927.103778
090805 200.680903
090806 5984.202036
090807 349.064041
090808 2408.055855
090809 412.235751
090810 402.811786
090811 571.995341
090812 350.408598
090813 698.801598
090814 346.737205
090815 1795.674718
090816 182.132698
090817 301.888480
090818 556.703765
090819 2040.550886
090820 1071.433252
090821 1033.887724
090822 238.238927
090823 95.649111
090824 1469.631295
090825 815.993090
090826 324.586620
090827 747.493729
090828 1895.319082
090829 1565.245029
090830 456.107597
090831 359.407561
090901 1350.984115
090902 571.810907
090903 1147.764777
090904 1090.969609
090905 1887.916122
090906 4816.191884
090907 779.325389
090908 925.934030
090909 1046.056523
090910 698.569346
090911 343.162866
090912 906.028922
090913 223.230785
090914 143.628781
090915 529.863515
090916 4752.046512
090917 1758.567911
090918 3331.132200
090919 1790.974507
090920 1380.501442
090921 334.665104
090922 3472.363551
090923 1594.907374
090924 245.499353
090925 226.515109
090926 1018.837012
090927 4553.762510
090928 1245.200474
090929 1885.239284
090930 4374.877381
091001 288.082730
091002 3157.086677
091003 692.885809
091004 165.742872
091005 1948.603491
091006 1605.558695
091007 1161.601403
091008 489.855810
091009 6835.223361
091010 200.227099
091011 315.339524
091012 523.817866
091013 221.071218
091014 407.192288
091015 1611.544905
091016 586.188985
091017 480.367875
091018 332.737421
091019 848.827122
091020 132.954883
091021 641.488352
091022 154.941241
091023 1306.906815
091024 3054.182927
091025 494.824707
091026 1786.086493
091027 2725.917288
091028 2610.934630
091029 998.763316
091030 123.456
091031 123.456
091101 1800.0002
